((("width=" .
   [1 0 0 0 0 0])
  ("site" .
   [2 0 0 0])
  ("this" .
   [2 0 0 0])
  ("The" .
   [1 0 0])
  ("on" .
   [1 0])
  ("links" .
   [1 0 0 0 0])
  ("/h1" .
   [1 0 0])
  ("style=" .
   [1 0 0 0 0 0])
  ("h1" .
   [2 0])
  ("mime_type" .
   [1 0 0 0 0 0 0 0 0])
  ("retrieve" .
   [1 0 0 0 0 0 0 0])
  ("db" .
   [3 0])
  ("newDoc" .
   [1 0 0 0 0 0])
  ("client" .
   [1 0 0 0 0 0])
  ("image" .
   [5 0 0 0 0])
  ("doc" .
   [1 0 0])
  ("Dumper" .
   [1 0 0 0 0 0])
  ("d" .
   [1])
  ("value" .
   [2 0 0 0 0])
  ("print" .
   [3 0 0 0 0])
  ("PLUGIN_DIR" .
   [0 0 0 0 1 0 0 0 0 0])
  ("LIB_DIR" .
   [1 0 0 1 0 0 0])
  ("SCRIPT_DIR" .
   [0 0 1 1 0 0 0 0 0 0])
  ("inventorylib.load" .
   [1 0 0 0 0 0 0 0 0 0 0 0 0 0 0 0 0])
  ("require" .
   [1 0 0 0 0 0 0])
  ("new" .
   [2 0 0])
  ("msgs" .
   [3 0 0 0])
  ("log" .
   [2 0 0])
  ("last" .
   [1 0 0 0])
  ("drawmsg" .
   [1 0 0 0 0 0 0])
  ("draw" .
   [1 0 0 0])
  ("msg" .
   [4 0 0])
  ("logw" .
   [5 0 0 0])
  ("endif" .
   [3 0 0 0 0])
  ("DEBUG" .
   [2 0 0 0 0])
  ("ifdef" .
   [2 0 0 0 0])
  ("incrlastmsgidx" .
   [0 0 0 0 1 0 0 0 0 0 0 0 0 0])
  ("error" .
   [1 0 0 0 0])
  ("die" .
   [3 0 0])
  ("else" .
   [4 0 0 0])
  ("message" .
   [1 0 0 0 0 0 0])
  ("if" .
   [2 0])
  ("MAX_MSG_LEN" .
   [0 0 0 1 0 0 1 0 0 0 0])
  ("2" .
   [2])
  ("QUEUE_LEN" .
   [1 0 0 1 0 1 0 0 0])
  ("256" .
   [1 0 0])
  ("255" .
   [4 0 0])
  ("msgwaiting" .
   [2 0 0 0 0 0 0 0 0 0])
  ("render" .
   [1 0 0 0 0 0])
  ("sizeof" .
   [1 0 0 0 0 0])
  ("buf" .
   [6 0 0])
  ("strcpy" .
   [1 0 0 0 0 0])
  ("messages" .
   [1 0 0 0 0 0 0 0])
  ("define" .
   [2 0 0 0 0 0])
  ("screen" .
   [1 0 0 0 0 0])
  ("lastmsgidx" .
   [7 0 0 0 1 0 1 1 0 1])
  ("return" .
   [1 0 0 0 0 0])
  ("queue" .
   [5 0 0 0 0])
  ("for" .
   [1 0 0])
  ("debug" .
   [2 0 0 0 0])
  ("include" .
   [6 0 0 0 0 0 0])
  ("int" .
   [8 0 0])
  ("SCREEN_WIDTH" .
   [0 0 0 0 0 0 0 0 1 0 0 0])
  ("static" .
   [6 0 0 0 0 0])
  ("void" .
   [6 0 0 0])
  ("char" .
   [5 0 0 0])
  ("const" .
   [1 0 0 0 0])
  ("my" .
   [1 0])
  ("chomp" .
   [1 0 0 0 0])
  ("parse" .
   [1 0 0 0 0])
  ("WHITE" .
   [1 0 0 0 0])
  ("colors.WHITE" .
   [1 0 0 0 0 0 0 0 0 0 0 0])
  ("true" .
   [1 0 0 0])
  ("title" .
   [2 0 0 0 0])
  ("encode_entities" .
   [0 0 0 0 0 0 0 1 0 0 0 0 0 0 0])
  ("id" .
   [4 0])
  ("defined" .
   [1 0 0 0 0 0 0])
  ("push" .
   [1 0 0 0])
  ("urls" .
   [1 0 0 0])
  ("timestamp" .
   [1 0 0 0 0 0 0 0 0])
  ("date" .
   [3 0 0 0])
  ("dates" .
   [1 0 0 0 0])))
